 <pre>

 Contingency table for Low clouds (octas)
 Selection: ALL    143 stations
Period: 20191101-20191114
Used {00,12} + 01 02 ... 24
 Limits    1.00000000       2.00000000       3.00000000       4.00000000       5.00000000       6.00000000       7.00000000    
 Each class is data <= limit, the very last > last limit
 Total number of values       82118
                                              OBSERVATION
                                   6744     1659     1319     1047      912      900     1637      859 |     15077
                                   1039      423      384      356      330      316      589      248 |      3685
                                    774      358      310      259      257      241      502      222 |      2923
                      RFRMIN25      668      349      329      275      293      245      515      210 |      2884
                                    543      343      324      298      233      278      545      210 |      2774
                                    636      415      366      326      320      334      660      267 |      3324
                                    852      628      597      490      510      528     1154      434 |      5193
                                   3069     4293     4472     4220     4688     5640    12468     7408 |     46258

                    SUM           14325     8468     8101     7271     7543     8482    18070     9858 |     82118
                                              OBSERVATION
                                   9741     3177     2655     2159     2042     1988     3764     1646 |     27172
                                    538      297      261      243      273      234      501      222 |      2569
                                    369      199      208      201      187      205      402      152 |      1923
                       RFRMIN1      301      199      175      143      155      166      339      125 |      1603
                                    258      173      215      151      149      182      338      151 |      1617
                                    273      232      218      198      195      170      423      155 |      1864
                                    392      326      335      275      342      298      701      288 |      2957
                                   2453     3865     4034     3901     4200     5239    11602     7119 |     42413

                    SUM           14325     8468     8101     7271     7543     8482    18070     9858 |     82118
                                              OBSERVATION
                                   9723     3201     2640     2205     2044     1975     3786     1665 |     27239
                                    518      267      296      237      223      259      534      211 |      2545
                                    393      209      196      203      193      188      398      161 |      1941
                   RFRMIN1_TAU      313      221      184      156      160      178      366      155 |      1733
                                    282      212      197      148      169      174      367      140 |      1689
                                    256      222      220      189      206      221      438      147 |      1899
                                    370      322      330      298      325      321      689      301 |      2956
                                   2470     3814     4038     3835     4223     5166    11492     7078 |     42116

                    SUM           14325     8468     8101     7271     7543     8482    18070     9858 |     82118

