 <pre>

 Contingency table for Cloud base (m)
 Selection: ALL    143 stations
Period: 20191101-20191114
Used {12} + 03 06 09 12 15 18 21 24
 Limits    70.0000000       150.000000       300.000000       600.000000       1000.00000       1500.00000       2500.00000       5000.00000    
 Each class is data <= limit, the very last > last limit
 Total number of values       13029
                                                       OBSERVATION
                                    145      124       71       47       16        9        4        0        2 |       418
                                     54      113      105       69       29       15        2        1        1 |       389
                                     36      174      253      204       57       36        8        4        0 |       772
                                     47      138      433      861      523      268       60       44       12 |      2386
                      RFRMIN25       32       57      181      625     1020      662      123      120       28 |      2848
                                     20       34       79      276      486      613       71       71       38 |      1688
                                     11       18       41      147      218      281      159       72       13 |       960
                                     20       20       32      105      173      149       85      186       18 |       788
                                     80       45      102      434      634      726      221      286      252 |      2780

                    SUM             445      723     1297     2768     3156     2759      733      784      364 |     13029
                                                       OBSERVATION
                                    150      131       75       58       22       16        4        2        1 |       459
                                     52      114      118       67       21        8        2        0        0 |       382
                                     36      156      217      181       65       33        7        4        0 |       699
                                     38      114      406      701      389      210       35       35        9 |      1937
                       RFRMIN1       26       64      185      592      809      490       86       67       11 |      2330
                                     17       40       74      274      463      504       71       51       23 |      1517
                                     12       18       43      143      229      288      104       57        9 |       903
                                     16       24       44      168      198      185      130      179       20 |       964
                                     98       62      135      584      960     1025      294      389      291 |      3838

                    SUM             445      723     1297     2768     3156     2759      733      784      364 |     13029
                                                       OBSERVATION
                                    150      125       65       58       17       15        2        1        1 |       434
                                     55      123      120       68       24       16        3        0        1 |       410
                                     30      144      222      188       58       30        6        4        0 |       682
                                     39      142      400      736      403      207       42       31       12 |      2012
                   RFRMIN1_TAU       26       62      187      553      773      462       75       79       14 |      2231
                                     21       34       86      270      467      509       70       61       22 |      1540
                                     10       13       36      168      252      276      118       49       10 |       932
                                     18       29       52      159      208      196      118      200       19 |       999
                                     96       51      129      568      954     1048      299      359      285 |      3789

                    SUM             445      723     1297     2768     3156     2759      733      784      364 |     13029

