 <pre>

 Contingency table for Low clouds (octas)
 Selection: ALL    143 stations
Period: 20191101-20191114
Used {00} + 01 02 ... 24
 Limits    1.00000000       2.00000000       3.00000000       4.00000000       5.00000000       6.00000000       7.00000000    
 Each class is data <= limit, the very last > last limit
 Total number of values       41125
                                              OBSERVATION
                                   3379      841      635      519      460      426      865      447 |      7572
                                    490      210      181      176      166      151      285      138 |      1797
                                    390      159      161      125      113      138      235      109 |      1430
                      RFRMIN25      347      178      157      123      142      121      278      110 |      1456
                                    270      177      155      142      117      133      294      106 |      1394
                                    302      198      171      163      156      163      313      142 |      1608
                                    395      291      301      245      252      282      589      221 |      2576
                                   1477     2136     2254     2109     2332     2803     6209     3972 |     23292

                    SUM            7050     4190     4015     3602     3738     4217     9068     5245 |     41125
                                              OBSERVATION
                                   4809     1564     1294     1074     1016      964     1884      848 |     13453
                                    261      141      123      124      138      112      268      125 |      1292
                                    191       96      111      107       91      112      185       70 |       963
                       RFRMIN1      156       90       85       67       77       87      166       64 |       792
                                    116       91       84       71       78      104      154       67 |       765
                                    129      111      113       90      105       89      214       78 |       929
                                    180      152      167      134      157      138      363      125 |      1416
                                   1208     1945     2038     1935     2076     2611     5834     3868 |     21515

                    SUM            7050     4190     4015     3602     3738     4217     9068     5245 |     41125
                                              OBSERVATION
                                   4820     1560     1270     1073      990      960     1894      866 |     13433
                                    236      118      146      109      103      125      266      104 |      1207
                                    203      111      105      112      102       94      194       87 |      1008
                   RFRMIN1_TAU      162      107       85       75       79       92      187       82 |       869
                                    143      102       86       74       88       87      183       66 |       829
                                    119      109      108       89       97      112      207       67 |       908
                                    168      150      166      136      141      164      344      148 |      1417
                                   1199     1933     2049     1934     2138     2583     5793     3825 |     21454

                    SUM            7050     4190     4015     3602     3738     4217     9068     5245 |     41125

