 <pre>

 Contingency table for Low clouds (octas)
 Selection: ALL    143 stations
Period: 20191101-20191114
Used {12} + 01 02 ... 24
 Limits    1.00000000       2.00000000       3.00000000       4.00000000       5.00000000       6.00000000       7.00000000    
 Each class is data <= limit, the very last > last limit
 Total number of values       40993
                                              OBSERVATION
                                   3365      818      684      528      452      474      772      412 |      7505
                                    549      213      203      180      164      165      304      110 |      1888
                                    384      199      149      134      144      103      267      113 |      1493
                      RFRMIN25      321      171      172      152      151      124      237      100 |      1428
                                    273      166      169      156      116      145      251      104 |      1380
                                    334      217      195      163      164      171      347      125 |      1716
                                    457      337      296      245      258      246      565      213 |      2617
                                   1592     2157     2218     2111     2356     2837     6259     3436 |     22966

                    SUM            7275     4278     4086     3669     3805     4265     9002     4613 |     40993
                                              OBSERVATION
                                   4932     1613     1361     1085     1026     1024     1880      798 |     13719
                                    277      156      138      119      135      122      233       97 |      1277
                                    178      103       97       94       96       93      217       82 |       960
                       RFRMIN1      145      109       90       76       78       79      173       61 |       811
                                    142       82      131       80       71       78      184       84 |       852
                                    144      121      105      108       90       81      209       77 |       935
                                    212      174      168      141      185      160      338      163 |      1541
                                   1245     1920     1996     1966     2124     2628     5768     3251 |     20898

                    SUM            7275     4278     4086     3669     3805     4265     9002     4613 |     40993
                                              OBSERVATION
                                   4903     1641     1370     1132     1054     1015     1892      799 |     13806
                                    282      149      150      128      120      134      268      107 |      1338
                                    190       98       91       91       91       94      204       74 |       933
                   RFRMIN1_TAU      151      114       99       81       81       86      179       73 |       864
                                    139      110      111       74       81       87      184       74 |       860
                                    137      113      112      100      109      109      231       80 |       991
                                    202      172      164      162      184      157      345      153 |      1539
                                   1271     1881     1989     1901     2085     2583     5699     3253 |     20662

                    SUM            7275     4278     4086     3669     3805     4265     9002     4613 |     40993

